675
0.295594
0.9968
0.0406261
0.179748
0.568111
0.272109
0.231898
0.429209
0.0822325
0.542139
0.772242
0.740272
0.785791
0.0855522
0.0881342
0.264102
0.0138651
0.417025
0.465632
0.179963
0.38162
0.62694
0.201899
0.0984977
0.867122
0.867503
0.974808
0.285264
0.782111
0.149939
0.118921
0.0176341
0.461404
0.417917
0.00432165
0.667092
0.767343
0.141391
0.981537
0.784654
0.456352
0.0742782
0.815758
0.427805
0.220064
0.996061
0.324356
0.711759
0.751655
0.134262
0.144236
0.495457
0.535063
0.98039
0.483701
0.763471
0.57503
0.57042
0.104361
0.569687
0.921622
0.221876
0.0823893
0.938421
0.364732
0.688543
0.5184
0.335535
0.930518
0.711652
0.907885
0.828627
0.979706
0.779697
0.409025
0.844624
0.541881
0.340071
0.514537
0.138993
0.603502
0.782341
0.364771
0.737562
0.0614067
0.798577
0.049571
0.864827
0.947321
0.550004
0.108456
0.287106
0.889749
0.775874
0.127689
0.771442
0.00309686
0.180361
0.877103
0.0784912
0.953586
0.252384
0.0605907
0.797461
0.649228
0.00315623
0.156488
0.511568
0.216723
0.854186
0.385411
0.0122185
0.869639
0.247265
0.904261
0.208722
0.225733
0.166154
0.430013
0.797703
0.211062
0.111292
0.642639
0.843284
0.0870108
0.623683
0.603296
0.996779
0.373956
0.947448
0.70502
0.865008
0.62076
0.103412
0.20508
0.871938
0.50925
0.535064
0.480407
0.0923818
0.692307
0.615555
0.812873
0.852657
0.876072
0.967928
0.715372
0.165937
0.882265
0.563932
0.721727
0.214444
0.00492799
0.508765
0.805349
0.412396
0.724482
0.884531
0.488618
0.028972
0.406253
0.874496
0.535375
0.756404
0.714286
0.999393
0.364214
0.952215
0.16606
0.807545
0.91496
0.93476
0.169484
0.929844
0.28259
0.676304
0.478388
0.461291
0.592584
0.417475
0.812658
0.101574
0.123405
0.160855
0.278528
0.0818782
0.832406
0.120645
0.635714
0.343801
0.161235
0.0808179
0.661493
0.703945
0.189078
0.208051
0.206243
0.335711
0.973223
0.280417
0.696989
0.0944299
0.826116
0.0215497
0.0801788
0.285609
0.588876
0.406561
0.585106
0.976468
0.889135
0.454739
0.396315
0.941699
0.334811
0.310128
0.836259
0.644493
0.467284
0.89005
0.0456838
0.128109
0.652427
0.249829
0.304364
0.442016
0.454567
0.156326
0.0323834
0.875784
0.147932
0.41088
0.454032
0.215135
0.0573003
0.832111
0.772357
0.875083
0.271862
0.759516
0.20055
0.777711
0.784757
0.619288
0.112738
0.415392
0.319141
0.794408
0.0256885
0.62822
0.507156
0.442377
0.79678
0.196788
0.890973
0.327344
0.84287
0.643656
0.568431
0.390705
0.947993
0.399778
0.566255
0.0280553
0.261997
0.242462
0.000833393
0.61383
0.902019
0.181362
0.292937
0.101888
0.487262
0.556312
0.604186
0.805019
0.375909
0.329117
0.92866
0.134029
0.070474
0.479665
0.0247331
0.963238
0.531815
0.14978
0.435241
0.830298
0.13801
0.0763867
0.996813
0.711024
0.965789
0.794725
0.462978
0.112065
0.51119
0.714298
0.595155
0.563791
0.0322372
0.131997
0.448477
0.781622
0.347939
0.471398
0.686451
0.195499
0.200704
0.96304
0.893629
0.764393
0.547808
0.811583
0.765873
0.926333
0.334069
0.851939
0.193556
0.755646
0.182983
0.263059
0.0175881
0.369892
0.875853
0.0860438
0.237823
0.951918
0.644623
0.84922
0.747829
0.420601
0.939208
0.319004
0.0218558
0.431142
0.0269032
0.319646
0.304956
0.536457
0.201331
0.260756
0.674505
0.660519
0.510398
0.807939
0.222978
0.577863
0.324368
0.373727
0.632848
0.557446
0.151926
0.403513
0.603337
0.300258
0.34758
0.910477
0.176792
0.506377
0.539763
0.266009
0.684325
0.96638
0.125352
0.78526
0.173728
0.74326
0.231107
0.333892
0.13833
0.443433
0.421812
0.710425
0.677428
0.559235
0.752975
0.382874
0.884168
0.581086
0.715192
0.748331
0.975579
0.846594
0.218177
0.17515
0.105086
0.628141
0.113681
0.930424
0.786791
0.612491
0.284805
0.707069
0.722591
0.938893
0.0394296
0.877328
0.570604
0.219744
0.270665
0.110655
0.792067
0.244582
0.498486
0.417308
0.332984
0.279041
0.723338
0.593573
0.15824
0.321037
0.821812
0.045178
0.884958
0.313221
0.642078
0.912402
0.236838
0.970509
0.736193
0.689685
0.243536
0.541772
0.84948
0.265752
0.973396
0.853852
0.503702
0.664667
0.751703
0.392537
0.718916
0.166563
0.870943
0.858631
0.654544
0.867721
0.538255
0.637611
0.577924
0.807052
0.475406
0.369403
0.530463
0.259858
0.138432
0.371742
0.628304
0.665113
0.860879
0.0183174
0.454543
0.410611
0.452745
0.404038
0.150393
0.617593
0.466463
0.237364
0.848115
0.425266
0.734081
0.0176376
0.0920236
0.623687
0.102214
0.208002
0.0266016
0.884378
0.962146
0.466967
0.88191
0.120834
0.0638126
0.609555
0.72354
0.520452
0.789461
0.0285589
0.452726
0.635827
0.0738694
0.904706
0.615622
0.232661
0.2246
0.898906
0.0108926
0.755442
0.202375
0.768545
0.251512
0.697673
0.35605
0.741633
0.0481016
0.523777
0.00960108
0.667076
0.823296
0.273158
0.713995
0.226298
0.453852
0.537546
0.901843
0.521729
0.161838
0.110271
0.317568
0.472429
0.358801
0.495977
0.0937159
0.858346
0.185909
0.392363
0.0615042
0.914946
0.515471
0.728513
0.630272
0.832278
0.789889
0.399432
0.85887
0.740891
0.605871
0.271413
0.638047
0.0456306
0.81592
0.661268
0.875463
0.712442
0.85485
0.393414
0.346198
0.128376
0.32381
0.806994
0.266683
0.887479
0.7235
0.0809887
0.447223
0.641953
0.845612
0.844681
0.059108
0.476487
0.258696
0.885332
0.051319
0.982142
0.69167
0.511933
0.206729
0.833404
0.882851
0.706056
0.829263
0.607419
0.661079
0.026812
0.395708
0.368023
0.0222434
0.540667
0.93576
0.0996557
0.701865
0.0382179
0.871753
0.988881
0.99276
0.964283
0.958527
0.275942
0.164848
0.825792
0.420625
0.538081
0.988675
0.120596
0.447964
0.813481
0.300019
0.831657
0.644998
0.563295
0.853081
0.303
0.548053
0.623915
0.555393
0.419772
0.849835
0.687241
0.547842
0.783846
0.871237
0.519096
0.0556944
0.353413
0.173646
0.781188
0.88647
0.410186
0.0383124
0.547254
0.361853
0.857266
0.0844264
0.126625
0.145048
0.625933
0.238971
0.746645
0.242179
0.287839
0.996773
0.757978
0.62437
0.00324603
0.759417
0.963207
0.722212
0.37439
0.560634
0.219321
0.100687
0.0700219
0.67059
0.809403
0.122628
0.712282
0.122328
0.0393141
0.372994
0.205749
0.773806
0.803331
0.143223
0.691654
0.964913
0.331138
0.791515
0.644573
0.460237
0.220376
0.305852
0.326529
0.197693
0.0579693
0.735082
0.172266
0.356441
0.214058
0.230379
0.512961
0.583596
0.669618
0.494337
0.932915
0.50024
0.318428
0.285025
0.089527
0.168326
0.0121842
0.913213
0.871473
0.319555
